3.89542254603941	8.00432137378264
3.89762709129044	9.00432137378264
3.91115760873998	10.0043213737826
4.06445798922692	11.0827853703165
4.21484384804770	12.1461280356782
4.65417654187796	13.2304489213783
5.32633586092875	14.7649229846499
6.06069784035361	16.2787536009528
7.01870049866624	17.9887372752888
7.41863268735407	18.6961815871685
7.81868766344151	19.3857849588433
8.21853550521653	20.0610753236298
8.61867553888514	20.7214808547701
9.01870049866624	21.3651134316276
9.41863268735407	21.9892272737305
9.81875359049772	22.5922878159521
9.91871166538232	22.7209031708135
10.2187979981117	23.1568519010700
10.5187770689268	23.5835388192544
10.8188195075475	24.0025979807199
11.1189257528258	24.4156409798962
11.4189638307036	24.8245163280072
11.5190400386483	24.9414120403736
11.7190825739015	25.2119210843085
11.9191304138606	25.4812992733329
12.0191162904471	25.6158448828747
12.1192558892779	25.7020857214358
12.2193225084193	25.8363241157068
12.4192947217535	26.1044871113124
12.6195107208385	26.3721752861151
12.8196097327516	26.6396856612427
12.9197055345491	26.7529698650291
13.0195316845313	26.8866035142867
13.1199154102580	27.0203612826477
13.2198463860244	27.1538148643445
13.3201462861111	27.2873537727147
13.4201208480857	27.3984608496082
13.5202214358820	27.5319895514126
13.6203442997545	27.6653933502797
13.7204900684501	27.7744439689250
13.8206611346436	27.9078948354163
13.9207492612757	28.0413926851582
14.0207754881936	28.1746411926605
14.1212314551496	28.3081373786380
14.2211533219547	28.4144719496293
14.2657609167176	28.4611982886225
14.3213912783117	28.5171958979500
14.4216039268698	28.6505988981727
14.5217916496391	28.7646243978510
14.6220066730068	28.8772561331136
14.6333674451170	28.8923729073984
14.6493348587121	28.8970770032094
14.7183355789085	28.9217904856582
14.8202014594856	28.9589459324939
14.9011312513554	28.9925976961020
14.9880235619287	29.0346284566253
15.0777311796524	29.0856472882969
15.1676126727275	29.1458177144918
15.2564772062417	29.2143138974244
15.3428173146357	29.2900346113625
15.4668676203541	29.4136349971986
15.5835388192544	29.5448119117578
15.6931111154621	29.6786094165589
15.7957410208692	29.8116420214532
15.8921502779014	29.9419087743656
15.9827685772510	30.0681858617462
16.0955180423232	30.2291697025391
16.1749315935284	30.3441957158714
16.2499317566342	30.4545399849648
16.3443922736851	30.5945030438201
16.4753805931434	30.7908479039654
16.5759956202033	30.9431976300689
16.7059491949103	31.1417632302758
16.7919010800096	31.2746196190912
16.8882918453565	31.4252080511387
16.9923767597988	31.5907304057927
17.1010593549081	31.7679717213816
17.2003031829816	31.9342458810231
17.3018977171952	32.1092409685882
17.4014005407815	32.2787536009528
17.4410664066393	32.3506356082590
17.4892551683693	32.4394905903897
17.5356738034258	32.5275010109811
17.5893910231369	32.6320521667058
17.6661434272916	32.7855433699566
17.7070589406276	32.8687032022785
17.8453461374114	33.5098742850047
17.9482662198803	33.7751004988790
18.0342272607706	33.9957667790500
18.1755118133634	34.3400473176614
18.2911467617319	34.6051972673884
18.4144719496293	34.8665826770636
18.5419534744582	35.1122697684173
18.6716355966021	35.3414345245781
18.8022262376911	35.5544891600038
18.9727580839035	35.8054328881321
19.1433271299920	36.0358298252528
19.3293978793610	36.2699796766453
19.5047426362717	36.4776999283321
19.7417816961432	36.6480671294489
19.7863964613723	36.7929517082501