7.01870049900000	17.9887372800000
7.41863268700000	18.6961815900000
7.81868766300000	19.3857849600000
8.21853550500000	20.0610753200000
8.61867553900000	20.7214808500000
9.01870049900000	21.3651134300000
9.41863268700000	21.9892272700000
9.81875359000000	22.5922878200000
9.91871166500000	22.7201593000000
10.2187980000000	23.1568519000000
10.5187770700000	23.5835388200000
10.8188195100000	24.0025979800000
11.1189257500000	24.4156409800000
11.4189638300000	24.8245163300000
11.5190400400000	24.9414120400000
11.7190825700000	25.2119210800000
11.9191304100000	25.4827307000000
12.0191162900000	25.6158448800000
12.1192558900000	25.7020857200000
12.2193225100000	25.8363241200000
12.4192947200000	26.1044871100000
12.6195107200000	26.3721752900000
12.8196097300000	26.6396856600000
12.9197055300000	26.7529698700000
13.0195316800000	26.8866035100000
13.1199154100000	27.0203612800000
13.2198463900000	27.1538148600000
13.3201462900000	27.2873537700000
13.4201208500000	27.3984608500000
13.5202214400000	27.5319895500000
13.6203443000000	27.6653933500000
13.7204900700000	27.7744439700000
13.8206611300000	27.9078948400000
13.9207492600000	28.0413926900000
14.0207754900000	28.1746411900000
14.1212314600000	28.3081373800000
14.2211533200000	28.4144719500000
14.2657609200000	28.4611982900000
14.3213912800000	28.5171959000000
14.4216039300000	28.6505989000000
14.5217916500000	28.7646244000000
14.6220066700000	28.8772561300000
14.6333674500000	28.8923729100000
14.8253092500000	29.0112320100000
14.9865858900000	29.0908538700000
15.1039473200000	29.1602223500000
15.1962591100000	29.2232934100000
15.2723615200000	29.2812788700000
15.3371036900000	29.3348797900000
15.3934400700000	29.3846221900000
15.4433068100000	29.4309501800000
15.4880385700000	29.4742381200000
15.5285927900000	29.5148106400000
15.5656861100000	29.5529515700000
15.5998612500000	29.5889044800000
15.6315452300000	29.6228820500000
15.6610759400000	29.6550711700000
15.6887285200000	29.6856342700000
15.7147261400000	29.7147135800000
15.7392581800000	29.7424360300000
15.7624790000000	29.7689139800000
15.7845224400000	29.7942460800000
15.8055022200000	29.8185201600000
15.8255163400000	29.8418166800000
15.8446498700000	29.8642048300000
15.8629764800000	29.8857501000000
15.8805620900000	29.9065090500000
15.8974643400000	29.9265338200000
15.9137344000000	29.9458721600000
15.9294173900000	29.9645669700000
15.9445542300000	29.9826574000000
15.9591821600000	30.0001780200000
15.9733343300000	30.0171669500000
15.9870402900000	30.0336488900000
16.0003256000000	30.0496521000000
16.0132207500000	30.0652061300000
16.0257440400000	30.0803306000000
16.0379163000000	30.0950472400000
16.0497528100000	30.1093794100000
16.0612828000000	30.1233452100000
16.0725109100000	30.1369645900000
16.0834560300000	30.1502497200000
16.0941355800000	30.1632150600000
16.1045553900000	30.1758798500000
16.1147343800000	30.1882533300000
16.1246802500000	30.2003524700000
16.1344002600000	30.2121849400000
16.1439105800000	30.2237632400000
16.1532201600000	30.2350989900000
16.1623313700000	30.2461981100000
16.1712553500000	30.2570759000000
16.1800025100000	30.2677347700000
16.1885741600000	30.2781886500000
16.1969826500000	30.2884415100000
16.2052287300000	30.2985015700000
16.2133238100000	30.3083787000000
16.2212707500000	30.3180737700000
16.2290748900000	30.3276000300000
16.2367412600000	30.3369577900000
16.2442746500000	30.3461533900000
16.2516820100000	30.3551966500000
16.2589627600000	30.3640873800000
16.2661234600000	30.3728347100000
16.2731703200000	30.3814400000000
16.2801023900000	30.3899099500000
16.2869277800000	30.3982491200000
16.2936475700000	30.4064584200000
16.3002649600000	30.4145455200000
16.3067830400000	30.4225126900000
16.3132047300000	30.4303637400000
16.3195328500000	30.4381007100000
16.3257700900000	30.4457287100000
16.3319190200000	30.4532495200000
16.3379821000000	30.4606678600000
16.3439636600000	30.4679852700000
16.3498620200000	30.4752046900000
16.3556832600000	30.4823289500000
16.3614256100000	30.4893607400000
16.3670948900000	30.4963012600000
16.3726911200000	30.5031558000000
16.3782161500000	30.5099239500000
16.3836717700000	30.5166094000000
16.3890597100000	30.5232143300000
16.3943816300000	30.5297395400000
16.3996391100000	30.5361883800000
16.4048337200000	30.5425615300000
16.4099669200000	30.5488621500000
16.4150401600000	30.5550908200000
16.4200564700000	30.5612505000000
16.4250138600000	30.5673416700000
16.4299169300000	30.5733671600000
16.4347636500000	30.5793262000000
16.4395584700000	30.5852237800000
16.4443009200000	30.5910579300000
16.4489906000000	30.5968323200000
16.4536317100000	30.6025483000000
16.4582237500000	30.6082050100000
16.4627677400000	30.6138069500000
16.4672646800000	30.6193521600000
16.4717155300000	30.6248439400000
16.4761212300000	30.6302834300000
16.4804826800000	30.6356706900000
16.4848021900000	30.6410078400000
16.4890777500000	30.6462948900000
16.4933116300000	30.6515338600000
16.4975060200000	30.6567247400000
16.5016589100000	30.6618694500000
16.5057738300000	30.6669688900000
16.5098487800000	30.6720239300000
16.5138871800000	30.6770345100000
16.5178883700000	30.6820023900000
16.5218517300000	30.6869292700000
16.5257805400000	30.6918141300000
16.5296741300000	30.6966586300000
16.5335331200000	30.7014635000000
16.5373581200000	30.7062294600000
16.5411497300000	30.7109580500000
16.5449085200000	30.7156490800000
16.5486350600000	30.7203032200000
16.5523298900000	30.7249211000000
16.5559947700000	30.7295041500000
16.5596277700000	30.7340529700000
16.5632306400000	30.7385673200000
16.5668050400000	30.7430485700000
16.5703491000000	30.7474964800000
16.5738644700000	30.7519131400000
16.5773527600000	30.7562975200000
16.5808132500000	30.7606508800000
16.5842452600000	30.7649744700000
16.5876514800000	30.7692672600000
16.5910312000000	30.7735312000000
16.5943848100000	30.7777660100000
16.5977116400000	30.7819721100000
16.6010142600000	30.7861506600000
16.6042919500000	30.7903020600000
16.6075450900000	30.7944260000000
16.6107740400000	30.7985228900000
16.6139791700000	30.8025945000000
16.6171618600000	30.8066404900000
16.6203203600000	30.8106605500000
16.6234560500000	30.8146563900000
16.6265692600000	30.8186276600000
16.6296613400000	30.8225747100000
16.6327305400000	30.8264985200000
16.6357782000000	30.8303987400000
16.6388056300000	30.8342763400000
16.6418111000000	30.8381316000000
16.6447969100000	30.8419641800000
16.6477623200000	30.8457750100000
16.6507066600000	30.8495643600000
16.6536321300000	30.8533325000000
16.6565380300000	30.8570802900000
16.6594236600000	30.8608073900000
16.6622911900000	30.8645140500000
16.6651399100000	30.8682011000000
16.6679700600000	30.8718682000000
16.6707818900000	30.8755161700000
16.6735756400000	30.8791452200000
16.6763515300000	30.8827555700000
16.6791097800000	30.8863468800000
16.6818515300000	30.8899204800000
16.6845751900000	30.8934765800000
16.6872818700000	30.8970142500000
16.6899717800000	30.9005348000000
16.6926460200000	30.9040384300000
16.6953030200000	30.9075252900000
16.6979438600000	30.9109950500000
16.7005696000000	30.9144484100000
16.7031787000000	30.9178855500000
16.7057730800000	30.9213066300000
16.7083520500000	30.9247123300000
16.7109149600000	30.9281023000000
16.7134636600000	30.9314766900000
16.7159975000000	30.9348361600000
16.7185158100000	30.9381808600000
16.7210204200000	30.9415109400000
16.7235106700000	30.9448260200000
16.7259867300000	30.9481272500000
16.7284487500000	30.9514142700000
16.7308968900000	30.9546871900000
16.7333313100000	30.9579461600000
16.7357521500000	30.9611917800000
16.7381595800000	30.9644237000000
16.7405537400000	30.9676429700000
16.7429347700000	30.9708487700000
16.7453036000000	30.9740416800000
16.7476588000000	30.9772218200000
16.7500012900000	30.9803897400000
16.7523319900000	30.9835451000000
16.7546494800000	30.9866880000000
16.7569554400000	30.9898189900000
16.7592484500000	30.9929381600000
16.7615301800000	30.9960451700000
16.7637992300000	30.9991405500000
16.7660572300000	31.0022265600000
16.7683028200000	31.0052963700000
16.7705375900000	31.0083574100000
16.7727609100000	31.0114097200000
16.7749729200000	31.0144491300000
16.7771729900000	31.0174757600000
16.7793626900000	31.0204938700000
16.7815414100000	31.0235035000000
16.7837092500000	31.0265005800000
16.7858663200000	31.0294852400000
16.7880127300000	31.0324616100000
16.7901485900000	31.0354257400000
16.7922739900000	31.0383816900000
16.7943890500000	31.0413295100000
16.7964945400000	31.0442653000000
16.7985891900000	31.0471930600000
16.8006737800000	31.0501089600000
16.8027484200000	31.0530169500000
16.8048138700000	31.0559170400000
16.8068688700000	31.0588054900000
16.8089148600000	31.0616861500000
16.8109505900000	31.0645590600000
16.8129774900000	31.0674205300000
16.8149943100000	31.0702743500000
16.8170024700000	31.0731168900000
16.8190007300000	31.0759555200000
16.8209904900000	31.0787829600000
16.8229711700000	31.0815993100000
16.8249422200000	31.0844118200000
16.8269050000000	31.0872133400000
16.8288589600000	31.0900074900000
16.8308041600000	31.0927943100000
16.8327406900000	31.0955738100000
16.8346686200000	31.0983425600000
16.8365880300000	31.1011040900000
16.8384990000000	31.1038584300000
16.8404015900000	31.1066056100000
16.8422958900000	31.1093456500000
16.8441819500000	31.1120785700000
16.8460598700000	31.1148010700000
16.8479296900000	31.1175198700000
16.8497921200000	31.1202283300000
16.8516459800000	31.1229298300000
16.8534919600000	31.1256243800000
16.8553307400000	31.1283152500000
16.8571611600000	31.1309959600000
16.8589844900000	31.1336698200000
16.8607996100000	31.1363368200000
16.8626077700000	31.1389970100000
16.8644078300000	31.1416504100000
16.8662010600000	31.1442970400000
16.8679863300000	31.1469369300000
16.8697648700000	31.1495701000000
16.8715361600000	31.1521996400000
16.8733002500000	31.1548194400000
16.8750566300000	31.1574325900000
16.8768065100000	31.1600421300000
16.8785493700000	31.1626420600000
16.8802852600000	31.1652383900000
16.8820142400000	31.1678281400000
16.8837363700000	31.1704113500000
16.8854516900000	31.1729880200000
16.8871602600000	31.1755582000000
16.8888621400000	31.1781247800000
16.8905573800000	31.1806848800000
16.8922460200000	31.1832385200000
16.8939286800000	31.1857857200000
16.8956042900000	31.1883265200000
16.8972734600000	31.1908637300000
16.8989367900000	31.1933945600000
16.9005932300000	31.1959190200000
16.9022433700000	31.1984371400000
16.9038878100000	31.2009516800000
16.9055255100000	31.2034599000000
16.9071575900000	31.2059645300000
16.9087830200000	31.2084601700000
16.9104029300000	31.2109549100000
16.9120168200000	31.2134407200000
16.9136242000000	31.2159229500000
16.9152261900000	31.2183989500000
16.9168222800000	31.2208713600000
16.9184125400000	31.2233375600000
16.9199969900000	31.2258001700000
16.9215751600000	31.2282566000000
16.9231481300000	31.2307068700000
16.9247154300000	31.2331535500000
16.9262770900000	31.2355940900000
16.9278331600000	31.2380310400000
16.9293841800000	31.2404643800000
16.9309291700000	31.2428916000000
16.9324686900000	31.2453127500000
16.9340027700000	31.2477302900000
16.9355314500000	31.2501442100000
16.9370547700000	31.2525520700000
16.9385732600000	31.2549563200000
16.9400859600000	31.2573545300000
16.9415939100000	31.2597491300000
16.9430961500000	31.2621400900000
16.9445932100000	31.2645250500000
16.9460856100000	31.2669063800000
16.9475724200000	31.2692840600000
16.9490546400000	31.2716557700000
16.9505318200000	31.2740238400000
16.9520035100000	31.2763882700000
16.9534707100000	31.2787467400000
16.9549329700000	31.2811015800000
16.9563903300000	31.2834527500000
16.9578423300000	31.2858002700000
16.9592899700000	31.2881418700000
16.9607328000000	31.2904820400000
16.9621708500000	31.2928163000000
16.9636041600000	31.2951469000000
16.9650327500000	31.2974716100000
16.9664566600000	31.2997948400000
16.9678759100000	31.3021122100000
16.9692905500000	31.3044280500000
16.9707005800000	31.3067380400000
16.9721065200000	31.3090443300000
16.9735074600000	31.3113469200000
16.9749039000000	31.3136458000000
16.9762963200000	31.3159409700000
16.9776838300000	31.3182324300000
16.9790669200000	31.3205201600000
16.9804460800000	31.3228041600000
16.9818204200000	31.3250844400000
16.9831908700000	31.3273589300000
16.9845565700000	31.3296317500000
16.9859184300000	31.3319008100000
16.9872760300000	31.3341661400000
16.9886289600000	31.3364277100000
16.9899781300000	31.3386875200000
16.9913231200000	31.3409415800000
16.9926635100000	31.3431918800000
16.9940002300000	31.3454403900000
16.9953328400000	31.3476831600000
16.9966613700000	31.3499241200000
16.9979858600000	31.3521612900000
16.9993063100000	31.3543946700000
17.0006249300000	31.3566261800000
17.0019369700000	31.3588519900000
17.0032450500000	31.3610759100000
17.0045492100000	31.3632960100000
17.0058494600000	31.3655141900000
17.0071458300000	31.3677266800000
17.0084383500000	31.3699372300000
17.0097270200000	31.3721439500000
17.0110118900000	31.3743486800000
17.0122971800000	31.3765495800000
17.0135744800000	31.3787466500000
17.0148480300000	31.3809398800000
17.0161178500000	31.3831310800000
17.0173839700000	31.3853184400000
17.0186464200000	31.3875037200000
17.0199093500000	31.3896851500000
17.0211644800000	31.3918644900000
17.0224160000000	31.3940399600000
17.0236639200000	31.3962115600000
17.0249082600000	31.3983810300000
17.0261490500000	31.4005466200000
17.0273903800000	31.4027100600000
17.0286241100000	31.4048696200000
17.0298543500000	31.4070270000000
17.0310811100000	31.4091821800000
17.0323044100000	31.4113334500000
17.0335283000000	31.4134808200000
17.0347447300000	31.4155559100000
17.0359577800000	31.4177074600000
17.0371674400000	31.4198566600000
17.0383737400000	31.4220018500000
17.0395806700000	31.4241446700000
17.0407802900000	31.4262851100000
17.0419766200000	31.4284231500000
17.0431696500000	31.4305571600000
17.0443633400000	31.4326871500000
17.0455498500000	31.4348163200000
17.0467331200000	31.4369414500000
17.0479131800000	31.4390657200000
17.0490939200000	31.4411843600000
17.0502675900000	31.4433021100000
17.0514381000000	31.4454173700000
17.0526054600000	31.4475285700000
17.0537735300000	31.4496372800000
17.0549346400000	31.4517434600000
17.0560926500000	31.4538471200000
17.0572475800000	31.4559482400000
17.0584032500000	31.4580468100000
17.0595520600000	31.4601413000000
17.0606978400000	31.4622347300000
17.0618443700000	31.4643240800000
17.0629841300000	31.4664108500000
17.0641209100000	31.4684965000000
17.0652584500000	31.4705780600000
17.0663892900000	31.4726570000000
17.0675172000000	31.4747333200000
17.0686459000000	31.4768070000000
17.0697679700000	31.4788794800000
17.0708871400000	31.4809478500000
17.0720071200000	31.4830135600000
17.0731205600000	31.4850780200000
17.0742311400000	31.4871383800000
17.0753425400000	31.4891974500000
17.0764474600000	31.4912524100000
17.0775495800000	31.4933060600000
17.0786525300000	31.4953569800000
17.0797490800000	31.4974051800000
17.0808428600000	31.4994506300000
17.0819374900000	31.5014933400000
17.0830257800000	31.5035346600000
17.0841149300000	31.5055718500000
17.0851977900000	31.5076076300000
17.0862779500000	31.5096406300000
17.0873589800000	31.5116708400000
17.0884337900000	31.5136995900000
17.0895094800000	31.5157242000000
17.0905789800000	31.5177473300000
17.0916458600000	31.5197676300000
17.0927136300000	31.5217864300000
17.0937752800000	31.5238023800000
17.0948378400000	31.5258154800000
17.0958943100000	31.5278257400000
17.0969517000000	31.5298331500000
17.0980030600000	31.5318389800000
17.0990518700000	31.5338419400000
17.1001016100000	31.5358432900000
17.1011453800000	31.5373694600000
17.1021900800000	31.5393935400000
17.1083958700000	31.5514878100000
17.1104449200000	31.5554983100000
17.1155239800000	31.5654770900000
17.1205476100000	31.5753899300000
17.1225402500000	31.5793365000000
17.1235315200000	31.5813055300000
17.1255105400000	31.5852361900000
17.1313972900000	31.5969641700000
17.1323685700000	31.5989086400000
17.1467139400000	31.6277549100000
17.1476516000000	31.6296552200000
17.1485903200000	31.6315523300000
17.1495270100000	31.6334462400000
17.1523219900000	31.6391108000000
17.1541743400000	31.6428709200000
17.1560188300000	31.6466183700000
17.1569396600000	31.6484868600000
17.1624180200000	31.6588152900000
17.1633254000000	31.6606748400000
17.1642308800000	31.6625311800000
17.1651344800000	31.6643824500000
17.1660332400000	31.6662296000000
17.1669330900000	31.6680736000000
17.1678310900000	31.6699125800000
17.1687272400000	31.6717465800000
17.1696186000000	31.6735756400000
17.1705110700000	31.6753997700000
17.1714017100000	31.6772190200000
17.1722905200000	31.6790315800000
17.1731746100000	31.6808384200000
17.1740598100000	31.6826386800000
17.1749432100000	31.6840918700000
17.1758248100000	31.6858858800000
17.1767046300000	31.6876725100000
17.1775797800000	31.6894482700000
17.1784560600000	31.6912132600000
17.1793305700000	31.6929640700000
17.1802033200000	31.6946973100000
17.1876109500000	31.6994335800000
17.2108373300000	31.7564109200000
17.2328945100000	31.8119742700000
17.2538950600000	31.8660940800000
17.2739383400000	31.9187551300000
17.2931105200000	31.9699584400000
17.3114804900000	32.0197143300000
17.3291191100000	32.0680447900000
17.3460770500000	32.1149777400000
17.3624108400000	32.1605465600000
17.3781634300000	32.2047926200000
17.3933768700000	32.2477523800000
17.4080855600000	32.2894730100000
17.4223222200000	32.3299955100000
17.4361196900000	32.3693624500000
17.4495030800000	32.4076203100000
17.4624983200000	32.4448080500000
17.4751261600000	32.4809708100000
17.4874084900000	32.5161465200000
17.4993653700000	32.5503751300000
17.5110112200000	32.5836940200000
17.5223646700000	32.6161392900000
17.5334403000000	32.6477466900000
17.5442504100000	32.6785475100000
17.5548088600000	32.7085755500000
17.5651285100000	32.7378586900000
17.5752190300000	32.7664277200000
17.5850917000000	32.7943095500000
17.5947548600000	32.8215305600000
17.6042184900000	32.8481158000000
17.6134908600000	32.8740890900000
17.6225807900000	32.8994730400000
17.6314934900000	32.9242896300000
17.6402388800000	32.9485596600000
17.6488204100000	32.9723028300000
17.6572471300000	32.9955378000000
17.6655237700000	33.0182843100000
17.6736548300000	33.0405548700000
17.6816472900000	33.0623713700000
17.6895050900000	33.0837462200000
17.6972337000000	33.1046953300000
17.7048366100000	33.1252339600000
17.7122754700000	33.1452616900000
17.7171895400000	33.1598111800000
17.7220486200000	33.1741978700000
17.7268539400000	33.1884253900000
17.7316066700000	33.2024972000000
17.7363079500000	33.2164166800000
17.7409588900000	33.2301871000000
17.7455605400000	33.2438116000000
17.7501139500000	33.2572932600000
17.7546201100000	33.2706350300000
17.7590800000000	33.2838397900000
17.7634945500000	33.2969103300000
17.7678646800000	33.3098493400000
17.7721912700000	33.3226594400000
17.7764751800000	33.3353431900000
17.7807172500000	33.3479030400000
17.7849182900000	33.3603414000000
17.7890790700000	33.3726605900000
17.7932003700000	33.3848628700000
17.7972829300000	33.3969504500000
17.8013274700000	33.4089254500000
17.8053346900000	33.4207899700000
17.8093052700000	33.4325460000000
17.8132398800000	33.4441955300000
17.8171391700000	33.4557404700000
17.8210037500000	33.4671826700000
17.8248342500000	33.4785239500000
17.8286312600000	33.4897660800000
17.8323953600000	33.5009107600000
17.8361271100000	33.5119596800000
17.8398270700000	33.5229144800000
17.8434957800000	33.5337767200000
17.8471337600000	33.5445479800000
17.8507415100000	33.5552297600000
17.8543195400000	33.5658235400000
17.8578683300000	33.5763307500000
17.8613883600000	33.5867527900000
17.8648800900000	33.5970910400000
17.8683439700000	33.6073468400000
17.8717804300000	33.6175214800000
17.8751899200000	33.6276162500000
17.8785728600000	33.6376323800000
17.8819296400000	33.6475710900000
17.8852606800000	33.6574335700000
17.8885663600000	33.6672209900000
17.8918470700000	33.6769344600000
17.8951031800000	33.6865751200000
17.8983350700000	33.6961440200000
17.9015430800000	33.7056422500000
17.9047275600000	33.7150708300000
17.9078888700000	33.7244307700000
17.9110273300000	33.7337230800000
17.9141432700000	33.7429487100000
17.9172370200000	33.7521086300000
17.9203088800000	33.7612037500000
17.9233591700000	33.7702349900000
17.9263881800000	33.7792032500000
17.9293962200000	33.7881093900000
17.9323835600000	33.7969542600000
17.9353504900000	33.8057387100000
17.9382973000000	33.8144635600000
17.9412242400000	33.8231296000000
17.9441315900000	33.8317376300000
17.9470196000000	33.8402884200000
17.9498885400000	33.8487827200000
17.9527386400000	33.8572212800000
17.9555701700000	33.8656048200000
17.9583833500000	33.8739340500000
17.9611784300000	33.8822096700000
17.9639556400000	33.8904323800000
17.9667152000000	33.8986028400000
17.9694573300000	33.9067217100000
17.9721822600000	33.9147896300000
17.9748902000000	33.9228072500000
17.9775813600000	33.9307751900000
17.9802559400000	33.9386940600000
17.9829141600000	33.9465644600000
17.9855562000000	33.9543869800000
17.9881822700000	33.9621622000000
17.9907925500000	33.9698906900000
17.9933872400000	33.9775730000000
17.9959665200000	33.9852096900000
17.9985305700000	33.9928012900000
18.0010795700000	34.0003483300000
18.0036137000000	34.0078513300000
18.0061331200000	34.0153108100000
18.0086380200000	34.0227272700000
18.0111285500000	34.0301011900000
18.0136048800000	34.0374330700000
18.0160671700000	34.0447233800000
18.0185155700000	34.0519725800000
18.0209502600000	34.0591811500000
18.0233713700000	34.0663495300000
18.0257790500000	34.0734781700000
18.0281734600000	34.0805675100000
18.0305547500000	34.0876179800000
18.0329230500000	34.0946300000000
18.0352785000000	34.1016039800000
18.0376212400000	34.1085403500000
18.0399514200000	34.1154395000000
18.0422691600000	34.1222135800000
18.0445746000000	34.1289517000000
18.0468678600000	34.1356542400000
18.0491490800000	34.1423215700000
18.0514183800000	34.1489540600000
18.0536758800000	34.1555520800000
18.0559217100000	34.1621159800000
18.0581559800000	34.1686461000000
18.0603788200000	34.1751428100000
18.0625903400000	34.1816064300000
18.0647906500000	34.1880373100000
18.0669798800000	34.1944357600000
18.0691581200000	34.2008021300000
18.0713254900000	34.2071367200000
18.0734821000000	34.2134398600000
18.0756280500000	34.2197118500000
18.0777634600000	34.2259530100000
18.0798884100000	34.2321636200000
18.0820030200000	34.2383440000000
18.0841073800000	34.2444944300000
18.0862015900000	34.2506152000000
18.0882857500000	34.2567066000000
18.0903599600000	34.2627689000000
18.0924243100000	34.2688023900000
18.0944788900000	34.2748073300000
18.0965238000000	34.2807840000000
18.0985591300000	34.2867326600000
18.1005849600000	34.2926535800000
18.1026013800000	34.2985470000000
18.1046084900000	34.3044131800000
18.1066063600000	34.3102523800000
18.1085950900000	34.3160648400000
18.1105747500000	34.3218508000000
18.1125454200000	34.3276105100000
18.1145072000000	34.3333442000000
18.1164601500000	34.3390521100000
18.1184043600000	34.3447344700000
18.1203399000000	34.3503915000000
18.1222668600000	34.3560234300000
18.1241853100000	34.3616304800000
18.1260953100000	34.3672128700000
18.1279969600000	34.3727708200000
18.1298903100000	34.3783045400000
18.1317754500000	34.3838142400000
18.1336524300000	34.3893001300000
18.1355213500000	34.3947624000000
18.1373822500000	34.4002012800000
18.1392352100000	34.4056169400000
18.1410803000000	34.4110096000000
18.1429175900000	34.4163794500000
18.1447471300000	34.4217266700000
18.1465690000000	34.4270514600000
18.1483832600000	34.4323540100000
18.1501899700000	34.4376345000000
18.1519892000000	34.4428931100000
18.1537810000000	34.4481300300000
18.1555654400000	34.4533454300000
18.1573425800000	34.4585394800000
18.1591124800000	34.4637123700000
18.1608751900000	34.4688642700000
18.1626307800000	34.4739953300000
18.1643793000000	34.4791057400000
18.1661208000000	34.4841956600000
18.1678553600000	34.4892652500000
18.1695830100000	34.4943146700000
18.1713038100000	34.4993440800000
18.1730178300000	34.5043536500000
18.1747251100000	34.5093435200000
18.1764257000000	34.5143138500000
18.1781196600000	34.5192647900000
18.1798070300000	34.5241965000000
18.1814878800000	34.5291091200000
18.1831622500000	34.5340028000000
18.1848301800000	34.5388776900000
18.1864917400000	34.5437339300000
18.1881469600000	34.5485716600000
18.1897958900000	34.5533910200000
18.1914385900000	34.5581921500000
18.1930751000000	34.5629751900000
18.1947054700000	34.5677402700000
18.1963297400000	34.5724875300000
18.1979479500000	34.5772171000000
18.1995601600000	34.5819291200000
18.2011664100000	34.5866237100000
18.2027667400000	34.5913010000000
18.2043611900000	34.5959611100000
18.2059498100000	34.6006041800000
18.2075326400000	34.6052303300000
18.2091097200000	34.6098396800000
18.2106811000000	34.6144323500000
18.2122468100000	34.6190084700000
18.2138069000000	34.6235681400000
18.2153614000000	34.6281115000000
18.2169103600000	34.6326386500000
18.2184538100000	34.6371497100000
18.2199918000000	34.6416447900000
18.2215243600000	34.6461240200000
18.2230515300000	34.6505874900000
18.2245733500000	34.6550353200000
18.2260898500000	34.6594676200000
18.2276010800000	34.6638845000000
18.2291070700000	34.6682860600000
18.2306078500000	34.6726724100000
18.2321034600000	34.6770436600000
18.2335939500000	34.6813999000000
18.2350793300000	34.6857412400000
18.2365596500000	34.6900677900000
18.2380349500000	34.6943796400000
18.2395052400000	34.6986768900000
18.2409705800000	34.7029596400000
18.2424309900000	34.7072279900000
18.2438865100000	34.7114820400000
18.2453371600000	34.7157218700000
18.2467829800000	34.7199475900000
18.2482240100000	34.7241592900000
18.2496602700000	34.7283570600000
18.2510918000000	34.7325410000000
18.2525186200000	34.7367111800000
18.2539407700000	34.7408677200000
18.2553582800000	34.7450106800000
18.2567711800000	34.7491401700000
18.2581795000000	34.7532562600000
18.2595832600000	34.7573590600000
18.2609825000000	34.7614486300000
18.2623772500000	34.7655250700000
18.2637675300000	34.7695884600000
18.2651533800000	34.7736388800000
18.2665348200000	34.7776764200000
18.2679118800000	34.7817011600000
18.2692845800000	34.7857131700000
18.2706529600000	34.7897125500000
18.2720170400000	34.7936993600000
18.2733768500000	34.7976736900000
18.2747324200000	34.8016356100000
18.2760837700000	34.8055852100000
18.2774309300000	34.8095225600000
18.2787739200000	34.8134477300000
18.2801127700000	34.8173608000000
18.2814475100000	34.8212618400000
18.2827781500000	34.8251509300000
18.2841047300000	34.8290281400000
18.2854272800000	34.8328935400000
18.2867458000000	34.8367472100000
18.2880603400000	34.8405892200000
18.2893709100000	34.8444196300000
18.2906775300000	34.8482385100000
18.2919802400000	34.8520459400000
18.2932790500000	34.8558419900000
18.2945739900000	34.8596267100000
18.2958650800000	34.8634001800000
18.2971523400000	34.8671624700000
18.2984358000000	34.8709136400000
18.2997154700000	34.8746537600000
18.3009913900000	34.8783828900000
18.3022635700000	34.8821011000000
18.3035320300000	34.8858084400000
18.3047968000000	34.8895049900000
18.3060579000000	34.8931908100000
18.3073153400000	34.8968659500000
18.3085691600000	34.9005304800000
18.3098193600000	34.9041844700000
18.3110659800000	34.9078279600000
18.3123090300000	34.9114610300000
18.3135485300000	34.9150837300000
18.3147845000000	34.9186961100000
18.3160169700000	34.9222982500000
18.3172459400000	34.9258901900000
18.3184714500000	34.9294720000000
18.3196935200000	34.9330437300000
18.3209121500000	34.9366054300000
18.3221273700000	34.9401571700000
18.3233392000000	34.9436990000000
18.3245476600000	34.9472309800000
18.3257527700000	34.9507531500000
18.3269545400000	34.9542655800000
18.3281530000000	34.9577683100000
18.3293481500000	34.9612614000000
18.3305400300000	34.9647449100000
18.3317286400000	34.9682188900000
18.3329140200000	34.9716833800000
18.3340961600000	34.9751384400000
18.3352751000000	34.9785841200000
18.3364508400000	34.9820204800000
18.3376234100000	34.9854475500000
18.3387928200000	34.9888654000000
18.3399590900000	34.9922740700000
18.3411222400000	34.9956736100000
18.3422822800000	34.9990640700000
18.3434392300000	35.0024455000000
18.3445931100000	35.0058179400000
18.3457439300000	35.0091814500000
18.3468917000000	35.0125360700000
18.3480364600000	35.0158818400000
18.3491782000000	35.0192188200000
18.3503169500000	35.0225470500000
18.3514527200000	35.0258665800000
18.3525855300000	35.0291774500000
18.3537153900000	35.0324797000000
18.3548423200000	35.0357733900000
18.3559663300000	35.0390585500000
18.3570874400000	35.0423352300000
18.3582056700000	35.0456034700000
18.3593210200000	35.0488633200000
18.3604335200000	35.0521148200000
18.3615431700000	35.0553580100000
18.3626499900000	35.0585929400000
18.3637540100000	35.0618196400000
18.3648552200000	35.0650381600000
18.3659536400000	35.0682485400000
18.3670493000000	35.0714508200000
18.3681422000000	35.0746450400000
18.3692323500000	35.0778312500000
18.3703197800000	35.0810094700000
18.3714044900000	35.0841797600000
18.3724865000000	35.0873421500000
18.3735658100000	35.0904966800000
18.3746424600000	35.0936433900000
18.3757164400000	35.0967823200000
18.3767877700000	35.0999135100000
18.3778564600000	35.1030369900000
18.3789225300000	35.1061528000000
18.3799859900000	35.1092609800000
18.3810468600000	35.1123615800000
18.3821051300000	35.1154546100000
18.3831608400000	35.1185401300000
18.3842139800000	35.1216181600000
18.3852645800000	35.1246887500000
18.3863126400000	35.1277519300000
18.3873581800000	35.1308077300000
18.3884012100000	35.1338562000000
18.3894417400000	35.1368973600000
18.3904797800000	35.1399312500000
18.3915153500000	35.1429579100000
18.3925484500000	35.1459773700000
18.3935791000000	35.1489896600000
18.3946073100000	35.1519948200000
18.3956331000000	35.1549928900000
18.3966564600000	35.1579838800000
18.3976774200000	35.1609678500000
18.3986959900000	35.1639448200000
18.3997121700000	35.1669148200000
18.4007259800000	35.1698778900000
18.4017374300000	35.1728340600000
18.4027465300000	35.1757833600000
18.4037532900000	35.1787258200000
18.4047577200000	35.1816614800000
18.4057598300000	35.1845903600000
18.4067596400000	35.1875125100000
18.4077571500000	35.1904279400000
18.4087523700000	35.1933366800000
18.4097453200000	35.1962387800000
18.4107360000000	35.1991342600000
18.4117244300000	35.2020231500000
18.4127106200000	35.2049054800000
18.4136945700000	35.2077812700000
18.4146762900000	35.2106505700000
18.4156558000000	35.2135134000000
18.4166331100000	35.2163697800000
18.4176082200000	35.2192197500000
18.4185811500000	35.2220633400000
18.4195519100000	35.2249005600000
18.4205205000000	35.2277314700000
18.4214869300000	35.2305560700000
18.4224512200000	35.2333744000000
18.4234133700000	35.2361864800000
18.4243733900000	35.2389923500000
18.4253313000000	35.2417920400000
18.4262871000000	35.2445855500000
18.4272408000000	35.2473729400000
18.4281924100000	35.2501542200000
18.4291419400000	35.2529294100000
18.4300894000000	35.2556985600000
18.4310347900000	35.2584616700000
18.4319781300000	35.2612187800000
18.4329194300000	35.2639699200000
18.4338586900000	35.2667151100000
18.4347959300000	35.2694543700000
18.4357311400000	35.2721877300000
18.4366643500000	35.2749152200000
18.4375955600000	35.2776368700000
18.4385247700000	35.2803526800000
18.4394520000000	35.2830627000000
18.4403772500000	35.2857669500000
18.4413005400000	35.2884654500000
18.4422218700000	35.2911582200000
18.4431412500000	35.2938452900000
18.4440586800000	35.2965266900000
18.4449741800000	35.2992024300000
18.4458877600000	35.3018725500000
18.4467994200000	35.3045370600000
18.4477091700000	35.3071959900000
18.4486170100000	35.3098493600000
18.4495229700000	35.3124971900000
18.4504270300000	35.3151395200000
18.4513292200000	35.3177763500000
18.4522295400000	35.3204077200000
18.4531280000000	35.3230336400000
18.4540246000000	35.3256541500000
18.4549193500000	35.3282692500000
18.4558122700000	35.3308789800000
18.4567033500000	35.3334833500000
18.4575926100000	35.3360823900000
18.4584800500000	35.3386761200000
18.4593656800000	35.3412645600000
18.4602495100000	35.3438477300000
18.4611315400000	35.3464256600000
18.4620117900000	35.3489983600000
18.4628902500000	35.3515658600000
18.4637669400000	35.3541281700000
18.4646418700000	35.3566853200000
18.4655150400000	35.3592373300000
18.4663864500000	35.3617842200000
18.4672561200000	35.3643260100000
18.4681240500000	35.3668627200000
18.4689902500000	35.3693943700000
18.4698547300000	35.3719209800000
18.4707174900000	35.3744425800000
18.4715785400000	35.3769591700000
18.4724378800000	35.3794707800000
18.4732955300000	35.3819774400000
18.4741514900000	35.3844791500000
18.4750057600000	35.3869759400000
18.4758583600000	35.3894678300000
18.4767092800000	35.3919548400000
18.4775585500000	35.3944369800000
18.4784061500000	35.3969142800000
18.4792521000000	35.3993867600000
18.4800964100000	35.4018544300000
18.4809390800000	35.4043173100000
18.4817801200000	35.4067754200000
18.4826195400000	35.4092287700000
18.4834573300000	35.4116774000000
18.4842935100000	35.4141213100000
18.4851280800000	35.4165605300000
18.4859610600000	35.4189950700000
18.4867924400000	35.4214249400000
18.4876222300000	35.4238501800000
18.4884504300000	35.4262707800000
18.4892770700000	35.4286867900000
18.4901021300000	35.4310982000000
18.4909256200000	35.4335050400000
18.4917475600000	35.4359073200000
18.4925679500000	35.4383050700000
18.4933867900000	35.4406982900000
18.4942040800000	35.4430870100000
18.4950198500000	35.4454712500000
18.4958340800000	35.4478510100000
18.4966467900000	35.4502263300000
18.4974579800000	35.4525972000000
18.4982676600000	35.4549636500000
18.4990758300000	35.4573257100000
18.4998825000000	35.4596833700000
18.5006876800000	35.4620366600000
18.5014913600000	35.4643856000000
18.5022935600000	35.4667302000000
18.5030942900000	35.4690704700000
18.5038935300000	35.4714064400000
18.5046913100000	35.4737381200000
18.5054876300000	35.4760655200000
18.5062824900000	35.4783886600000
18.5070759000000	35.4807075600000
18.5078678600000	35.4830222300000
18.5086583800000	35.4853326900000
18.5094474600000	35.4876389500000
18.5102351100000	35.4899410300000
18.5110213400000	35.4922389300000
18.5118061500000	35.4945326900000
18.5125895400000	35.4968223100000
18.5133715100000	35.4991078000000
18.5141520900000	35.5013891900000
18.5149312600000	35.5036664900000
18.5157090400000	35.5059397000000
18.5164854300000	35.5082088600000
18.5172604300000	35.5104739600000
18.5180340500000	35.5127350300000
18.5188063000000	35.5149920800000
18.5195771700000	35.5172451200000
18.5203466800000	35.5194941700000
18.5211148300000	35.5217392400000
18.5218816200000	35.5239803500000
18.5226470600000	35.5262175100000
18.5234111500000	35.5284507300000
18.5241739000000	35.5306800300000
18.5249353200000	35.5329054200000
18.5256954000000	35.5351269100000
18.5264541500000	35.5373445300000
18.5272115900000	35.5395582800000
18.5279677000000	35.5417681700000
18.5287224900000	35.5439742200000
18.5294759800000	35.5461764500000
18.5302281700000	35.5483748600000
18.5309790500000	35.5505694700000
18.5317286400000	35.5527602900000
18.5324769300000	35.5549473400000
18.5332239400000	35.5571306300000
18.5339696600000	35.5593101600000
18.5347141100000	35.5614859600000
18.5354572800000	35.5636580400000
18.5361991900000	35.5658264100000
18.5369398300000	35.5679910800000