3.99999565703347	10.6098184345829
4.10099052306997	11.1784301399477
4.30302316948751	12.0057380426514
4.50504139112547	12.6737027027090
4.60605874941031	12.9734696104967
4.70706746615212	13.2564772062417
4.80807586809131	13.5257054690060
4.90908511004664	13.7833460674767
5.01008784699852	14.0311255757316
5.41413736218448	14.9483004650252
5.51514499476482	15.1634297433015
5.61616031284758	15.3742166054284
5.71716269736076	15.5810959241061
5.81817308864314	15.7845031772852
5.91918796021410	15.9847972570893
6.02019548975320	16.1823004995933
6.32323146811477	16.7606335475002
6.52523922372975	17.1364986081567
6.62625822353483	17.3220538176956
6.72726465187553	17.5062072830523
6.82827956128369	17.6890689983991
6.92928606237499	17.8707607931470
7.03031630598859	18.0513840844267
7.33332634040345	18.5877334085983
7.53534476367666	18.9414070701634
7.63635748813257	19.1172712956558
7.73736759791030	19.2925440283336
7.83837677477781	19.4672676391796
7.93938944406546	19.6415236846702
8.04040452891416	19.8153120435244
8.34342828925212	20.3343129847582
8.44443517300675	20.5066132543047
8.54544319882728	20.6786185192613
8.64646254316313	20.8503398545835
8.74746618840602	21.0218092770223
8.84847855017899	21.1930410721532
8.94948758994650	21.3640629607031
9.05049575888386	21.5273462926033
9.45453998496482	22.1402251252664
9.55555390434968	22.2905465542803
9.65655813796464	22.4396799905156
9.75757062259354	22.5875762791807
9.85857930164182	22.7342556209014
9.95958987950839	22.8797207678789
10.0605845313609	23.0239928046065
10.3636307801121	23.4497405937793
10.5656471471509	23.7280939393798
10.6666583547893	23.8657670559354
10.7676678090000	24.0025116312849
10.8686796976792	24.1383342820710
10.9696907542794	24.2733485687491
11.0707026597195	24.4075608494864
11.4747405984799	24.9377635549670
11.5757534453375	25.0688905542579
11.6767576062015	25.1995357811983
11.7777674540563	25.3297435500112
11.8787802272148	25.4595583324541
11.9797895824203	25.5889995904994
12.0808068043344	25.7181278520753
12.3838333116626	26.1038379160256
12.5858553633220	26.3598734103327
12.6868596143338	26.4876049559561
12.7878711950883	26.6151817332770
12.8888812140288	26.7426308799609
12.9898901185120	26.8699412699500
13.0908926257104	26.9971460141026
13.3939260065858	27.3781797903810
13.4949472927501	27.5050413911255
13.5959589287575	27.6318291865006
13.6969676407440	27.7585712840988
13.7979734745514	27.8852537640936
13.8989828304089	28.0119086133492
13.9999956570335	28.1384921671500
14.2642037120392	28.1784013415338
14.5451338590405	28.6162338802216
14.7144387388945	28.8243731876053
14.8360011236383	28.9517745080817
14.9309032063545	29.0400482415475
15.0087704499378	29.1062929121757
15.1320674813040	29.2025428047939
15.1826713866755	29.2399997928869
15.2690457096576	29.3029150795689
15.3065536883373	29.3303731831831
15.3730591964919	29.3801026545172
15.4307198878633	29.4251427878608
15.4569275195126	29.4464128876389
15.4816289195076	29.4670158184384
15.5271915190871	29.5065862013579
15.5483034107097	29.5256795796181
15.5684364144169	29.5443657442239
15.6060910217670	29.5806399120081
15.6237660001339	29.5982870022541
15.6407496825098	29.6156134218696
15.6570941150026	29.6326394754281
15.6728549029929	29.6493835437054
15.6880547900773	29.6658529261654
15.7027406360531	29.6820547770738
15.7169544086351	29.6979960935088
15.7307096180957	29.7136837065730
15.7440425068808	29.7291161719176
15.7569858368534	29.7443164578656
15.7695545529637	29.7592749137191
15.7817625530143	29.7739984225326
15.7936437331788	29.7885006843706
15.8052085115406	29.8027805645213
15.8164733037653	29.8168376309020
15.8274532802300	29.8306784691898
15.8381624888795	29.8443156055444
15.8486139632956	29.8577424698738
15.8588198180653	29.8709712779631
15.8687913331982	29.8840075973347
15.8785390290673	29.8968457582815
15.8974071396616	29.9219620480063
15.9065397477754	29.9342458810231
15.9154895344076	29.9463539972263
15.9242534344305	29.9582866871880
15.9328490439800	29.9700491848591
15.9412728529826	29.9816510159666
15.9495412514177	29.9930833606981
15.9576551669435	30.0043643711078
15.9656202664183	30.0154854981545
15.9734372936558	30.0264515457382
15.9811206394113	30.0372670945687
15.9886704144647	30.0479365161381
15.9960911836767	30.0584639856023
16.0033743540198	30.0688534936715
16.0105543515403	30.0791088576014
16.0176175733397	30.0892337313654
16.0314084642516	30.1090720809789
16.0447748742564	30.1284315810932
16.0513069108180	30.1379235120404
16.0577421558288	30.1473052380762
16.0703334558531	30.1656893760176
16.0764948050097	30.1747283333119
16.0885613117912	30.1924838199027
16.0944711286416	30.2011785563833
16.1060208191403	30.2183253966097
16.1116992775736	30.2267287568570
16.1173044466410	30.2350484378330
16.1283023171644	30.2514191932189
16.1336985461158	30.2594505237165
16.1442939271985	30.2752883144356
16.1495270137543	30.2830523428544
16.1597476105243	30.2983726862656
16.1647691030092	30.3059100029046
16.1697331979425	30.3133609512441
16.1746411926605	30.3207484779872
16.1794943410055	30.3280532502527
16.1890409079090	30.3424424210318
16.1937366334696	30.3495300637963
16.2029784607371	30.3634803555596
16.2075266554633	30.3703650304539
16.2252575769241	30.3972097803788
16.3895913074552	30.6194272748815
16.5908752579040	30.9152942830227
16.7652959296981	31.1525940779275
16.9192193459206	31.3618411154553
17.0569810366681	31.6125825516538
17.1208041778408	31.7324982996153
17.1817292848827	31.8523091700810
17.2399498079088	31.9869955397244
17.2958089181612	32.1368790398755
17.3494523759499	32.3045551501204
17.4011247106790	32.4181852429396
17.4509877045550	32.5189085736914
17.4992470679081	32.7136669131589
17.5460735695946	32.8791130903010
17.5916099165733	33.0415505817176
17.6360363163534	33.2063940644309
17.6795550772089	33.3712341559766
17.7223047868743	33.5244740154736
17.7644376768017	33.6682274541749
17.8060849616736	33.8008132721022
17.8473196582788	33.9202433670681
17.8881963484871	34.0299516420368
17.9287542021767	34.1295932283679
17.9689916623071	34.2190865571693
18.0088981147709	34.3016158978195
18.0484806474735	34.3827732455867
18.0878878494929	34.4670602680042
18.1272668183189	34.5547192690502
18.1667260555801	34.6455892735741
18.2063940644309	34.7316693318286
18.2462523122993	34.8124320253533
18.2863217142569	34.8919108238383
18.3266225645157	34.9698769889040
18.3672254266858	35.0468851908377